98535486
62645618
96022699
91010908
87156128
97242901
74735021
93192387
78077896
102592882
102509722
102665599
63557172
37750845
87706578
97404563
71660152
96618494
91930787
98851742
86169346
102268627
71225071
90894613
90399811
62779058
78404305
87462668
91739923
43650609
95925572
56104810
89478373
86780083
77368571
95731026
100713406
100765168
98562212
79145325
57339754
78998604
93985926
61345739
87628094
79030172
99224835
70112738
98064803
100146726
46762863
96573798
89807182
62256946
99831912
100142572
94924781
93692149
77496050
84978903
